6.00	0.000000
6.02	0.000000
6.03	0.000000
6.05	0.000000
6.07	0.000000
6.08	0.000000
6.10	0.000000
6.12	0.000000
6.13	0.000000
6.15	0.000000
6.17	0.000000
6.18	0.000000
6.20	0.000000
6.22	0.000000
6.23	0.000000
6.25	0.000000
6.27	0.000000
6.28	0.000000
6.30	0.000000
6.32	0.000000
6.33	0.000000
6.35	0.000000
6.37	0.000000
6.38	0.000000
6.40	0.000000
6.42	0.000000
6.43	0.000000
6.45	0.000000
6.47	0.371062
6.48	0.894146
6.50	1.581717
6.52	2.474328
6.53	3.592995
6.55	4.946193
6.57	6.534096
6.58	8.351220
6.60	10.388258
6.62	12.633429
6.63	15.073494
6.65	17.694528
6.67	20.482487
6.68	23.423613
6.70	26.504713
6.72	29.713337
6.73	33.037885
6.75	36.467639
6.77	39.992785
6.78	43.604380
6.80	47.294315
6.82	51.055261
6.83	54.880612
6.85	58.764424
6.87	62.701355
6.88	66.686609
6.90	70.715881
6.92	74.785307
6.93	78.891408
6.95	83.031067
6.97	87.201474
6.98	91.400099
7.00	95.624659
7.02	99.873090
7.03	104.143527
7.05	108.434274
7.07	112.743793
7.08	117.070683
7.10	121.413666
7.12	125.771567
7.13	130.143316
7.15	134.527925
7.17	138.924487
7.18	143.332161
7.20	147.750169
7.22	152.177790
7.23	156.614352
7.25	161.059226
7.27	165.511827
7.28	169.971607
7.30	174.438043
7.32	178.910650
7.33	183.388966
7.35	187.872557
7.37	192.361008
7.38	196.853925
7.40	201.350933
7.42	205.851674
7.43	210.355804
7.45	214.862994
7.47	219.372929
7.48	223.885307
7.50	228.399829
7.52	232.916215
7.53	237.434193
7.55	241.953495
7.57	246.473867
7.58	250.995057
7.60	255.516824
7.62	260.038932
7.63	264.561150
7.65	269.083253
7.67	273.605026
7.68	278.126249
7.70	282.646714
7.72	287.166217
7.73	291.684556
7.75	296.201534
7.77	300.716957
7.78	305.230636
7.80	309.742383
7.82	314.252015
7.83	318.759350
7.85	323.264214
7.87	327.766426
7.88	332.265816
7.90	336.762212
7.92	341.255449
7.93	345.745359
7.95	350.231779
7.97	354.714547
7.98	359.193505
8.00	363.668493
8.02	368.139357
8.03	372.605944
8.05	377.068097
8.07	381.525668
8.08	385.978507
8.10	390.426467
8.12	394.869401
8.13	399.307165
8.15	403.739614
8.17	408.166607
8.18	412.588003
8.20	417.003663
8.22	421.413447
8.23	425.817222
8.25	430.214845
8.27	434.606186
8.28	438.991109
8.30	443.369482
8.32	447.741173
8.33	452.106053
8.35	456.463990
8.37	460.814856
8.38	465.158524
8.40	469.494867
8.42	473.823761
8.43	478.145076
8.45	482.458690
8.47	486.764481
8.48	491.062325
8.50	495.352101
8.52	499.633689
8.53	503.906967
8.55	508.171818
8.57	512.428122
8.58	516.675761
8.60	520.914622
8.62	525.144583
8.63	529.365530
8.65	533.577350
8.67	537.779927
8.68	541.973149
8.70	546.156903
8.72	550.331076
8.73	554.495557
8.75	558.650235
8.77	562.795001
8.78	566.929748
8.80	571.054360
8.82	575.168733
8.83	579.272759
8.85	583.366331
8.87	587.449343
8.88	591.521688
8.90	595.583262
8.92	599.633960
8.93	603.673678
8.95	607.702312
8.97	611.719759
8.98	615.725920
9.00	619.720688
9.02	623.703963
9.03	627.675646
9.05	631.635636
9.07	635.583834
9.08	639.520140
9.10	643.444455
9.12	647.356683
9.13	651.256725
9.15	655.144485
9.17	659.019868
9.18	662.882773
9.20	666.733108
9.22	670.570778
9.23	674.395688
9.25	678.207745
9.27	682.006854
9.28	685.792924
9.30	689.565862
9.32	693.325575
9.33	697.071972
9.35	700.804966
9.37	704.524460
9.38	708.230368
9.40	711.922599
9.42	715.601064
9.43	719.265676
9.45	722.916346
9.47	726.552987
9.48	730.175511
9.50	733.783832
9.52	737.377864
9.53	740.957523
9.55	744.522720
9.57	748.073373
9.58	751.609396
9.60	755.130707
9.62	758.637221
9.63	762.128857
9.65	765.605531
9.67	769.067163
9.68	772.513669
9.70	775.944970
9.72	779.360985
9.73	782.761636
9.75	786.146838
9.77	789.516516
9.78	792.870590
9.80	796.208982
9.82	799.531614
9.83	802.838409
9.85	806.129290
9.87	809.404181
9.88	812.663005
9.90	815.905688
9.92	819.132155
9.93	822.342329
9.95	825.536137
9.97	828.713506
9.98	831.874362
10.00	835.018633
10.02	838.146246
10.03	841.257129
10.05	844.351211
10.07	847.428420
10.08	850.488687
10.10	853.531944
10.12	856.558116
10.13	859.567136
10.15	862.558936
10.17	865.533447
10.18	868.490602
10.20	871.430333
10.22	874.352573
10.23	877.257256
10.25	880.144315
10.27	883.013686
10.28	885.865304
10.30	888.699102
10.32	891.515017
10.33	894.312986
10.35	897.092944
10.37	899.854829
10.38	902.598579
10.40	905.324132
10.42	908.031426
10.43	910.720400
10.45	913.390994
10.47	916.043147
10.48	918.676802
10.50	921.291895
10.52	923.888369
10.53	926.466167
10.55	929.025231
10.57	931.565502
10.58	934.086925
10.60	936.589442
10.62	939.072997
10.63	941.537535
10.65	943.983001
10.67	946.409341
10.68	948.816498
10.70	951.204420
10.72	953.573054
10.73	955.922346
10.75	958.252245
10.77	960.562698
10.78	962.853654
10.80	965.125062
10.82	967.376870
10.83	969.609030
10.85	971.821493
10.87	974.014207
10.88	976.187124
10.90	978.340196
10.92	980.473376
10.93	982.586616
10.95	984.679869
10.97	986.753088
10.98	988.806229
11.00	990.839244
11.02	992.852090
11.03	994.844723
11.05	996.817096
11.07	998.769167
11.08	1000.700893
11.10	1002.612230
11.12	1004.503137
11.13	1006.373572
11.15	1008.223494
11.17	1010.052862
11.18	1011.861635
11.20	1013.649773
11.22	1015.417238
11.23	1017.163990
11.25	1018.889990
11.27	1020.595200
11.28	1022.279584
11.30	1023.943103
11.32	1025.585721
11.33	1027.207402
11.35	1028.808111
11.37	1030.387811
11.38	1031.946469
11.40	1033.484050
11.42	1035.000521
11.43	1036.495848
11.45	1037.969997
11.47	1039.422937
11.48	1040.854635
11.50	1042.265061
11.52	1043.654183
11.53	1045.021971
11.55	1046.368395
11.57	1047.693425
11.58	1048.997032
11.60	1050.279189
11.62	1051.539866
11.63	1052.779035
11.65	1053.996670
11.67	1055.192744
11.68	1056.367231
11.70	1057.520105
11.72	1058.651341
11.73	1059.760914
11.75	1060.848799
11.77	1061.914974
11.78	1062.959415
11.80	1063.982097
11.82	1064.983001
11.83	1065.962102
11.85	1066.919381
11.87	1067.854816
11.88	1068.768387
11.90	1069.660073
11.92	1070.529855
11.93	1071.377714
11.95	1072.203632
11.97	1073.007591
11.98	1073.789573
12.00	1074.549561
12.02	1075.287537
12.03	1076.003487
12.05	1076.697394
12.07	1077.369244
12.08	1078.019021
12.10	1078.646712
12.12	1079.252302
12.13	1079.835779
12.15	1080.397130
12.17	1080.936342
12.18	1081.453404
12.20	1081.948304
12.22	1082.421031
12.23	1082.871576
12.25	1083.299928
12.27	1083.706078
12.28	1084.090018
12.30	1084.451737
12.32	1084.791230
12.33	1085.108488
12.35	1085.403504
12.37	1085.676273
12.38	1085.926787
12.40	1086.155041
12.42	1086.361031
12.43	1086.544752
12.45	1086.706199
12.47	1086.845370
12.48	1086.962261
12.50	1087.056869
12.52	1087.129193
12.53	1087.179231
12.55	1087.206981
12.57	1087.212443
12.58	1087.195617
12.60	1087.156503
12.62	1087.095102
12.63	1087.011415
12.65	1086.905444
12.67	1086.777191
12.68	1086.626659
12.70	1086.453851
12.72	1086.258771
12.73	1086.041422
12.75	1085.801811
12.77	1085.539941
12.78	1085.255818
12.80	1084.949449
12.82	1084.620839
12.83	1084.269997
12.85	1083.896930
12.87	1083.501645
12.88	1083.084151
12.90	1082.644458
12.92	1082.182574
12.93	1081.698510
12.95	1081.192276
12.97	1080.663884
12.98	1080.113344
13.00	1079.540668
13.02	1078.945869
13.03	1078.328960
13.05	1077.689954
13.07	1077.028864
13.08	1076.345706
13.10	1075.640494
13.12	1074.913243
13.13	1074.163970
13.15	1073.392689
13.17	1072.599419
13.18	1071.784176
13.20	1070.946978
13.22	1070.087843
13.23	1069.206790
13.25	1068.303838
13.27	1067.379007
13.28	1066.432315
13.30	1065.463786
13.32	1064.473438
13.33	1063.461295
13.35	1062.427377
13.37	1061.371708
13.38	1060.294311
13.40	1059.195208
13.42	1058.074423
13.43	1056.931983
13.45	1055.767910
13.47	1054.582230
13.48	1053.374969
13.50	1052.146155
13.52	1050.895813
13.53	1049.623970
13.55	1048.330656
13.57	1047.015897
13.58	1045.679722
13.60	1044.322161
13.62	1042.943243
13.63	1041.542999
13.65	1040.121459
13.67	1038.678653
13.68	1037.214615
13.70	1035.729375
13.72	1034.222967
13.73	1032.695423
13.75	1031.146777
13.77	1029.577062
13.78	1027.986314
13.80	1026.374566
13.82	1024.741855
13.83	1023.088215
13.85	1021.413683
13.87	1019.718298
13.88	1018.002094
13.90	1016.265111
13.92	1014.507386
13.93	1012.728958
13.95	1010.929866
13.97	1009.110149
13.98	1007.269848
14.00	1005.409004
14.02	1003.527656
14.03	1001.625846
14.05	999.703617
14.07	997.761011
14.08	995.798071
14.10	993.814840
14.12	991.811362
14.13	989.787681
14.15	987.743841
14.17	985.679889
14.18	983.595869
14.20	981.491827
14.22	979.367811
14.23	977.223866
14.25	975.060042
14.27	972.876385
14.28	970.672945
14.30	968.449769
14.32	966.206908
14.33	963.944411
14.35	961.662328
14.37	959.360710
14.38	957.039609
14.40	954.699075
14.42	952.339160
14.43	949.959918
14.45	947.561403
14.47	945.143666
14.48	942.706762
14.50	940.250745
14.52	937.775671
14.53	935.281594
14.55	932.768570
14.57	930.236655
14.58	927.685907
14.60	925.116379
14.62	922.528135
14.63	919.921229
14.65	917.295720
14.67	914.651667
14.68	911.989130
14.70	909.308169
14.72	906.608843
14.73	903.891213
14.75	901.155341
14.77	898.401289
14.78	895.629116
14.80	892.838889
14.82	890.030669
14.83	887.204519
14.85	884.360504
14.87	881.498688
14.88	878.619135
14.90	875.721911
14.92	872.807082
14.93	869.874714
14.95	866.924873
14.97	863.957626
14.98	860.973040
15.00	857.971186
15.02	854.952130
15.03	851.915942
15.05	848.862690
15.07	845.792445
15.08	842.705277
15.10	839.601257
15.12	836.480455
15.13	833.342943
15.15	830.188793
15.17	827.018077
15.18	823.830870
15.20	820.627244
15.22	817.407274
15.23	814.171033
15.25	810.918596
15.27	807.650039
15.28	804.365436
15.30	801.064865
15.32	797.748402
15.33	794.416124
15.35	791.068105
15.37	787.704430
15.38	784.325173
15.40	780.930414
15.42	777.520232
15.43	774.094707
15.45	770.653919
15.47	767.197949
15.48	763.726878
15.50	760.240787
15.52	756.739759
15.53	753.223875
15.55	749.693220
15.57	746.147878
15.58	742.587932
15.60	739.013466
15.62	735.424565
15.63	731.821315
15.65	728.203801
15.67	724.572110
15.68	720.926328
15.70	717.266543
15.72	713.592843
15.73	709.905314
15.75	706.204048
15.77	702.489133
15.78	698.760659
15.80	695.018715
15.82	691.263392
15.83	687.494782
15.85	683.712976
15.87	679.918066
15.88	676.110145
15.90	672.289306
15.92	668.455639
15.93	664.609246
15.95	660.750216
15.97	656.878647
15.98	652.994632
16.00	649.098269
16.02	645.189654
16.03	641.268884
16.05	637.336058
16.07	633.391273
16.08	629.434628
16.10	625.466220
16.12	621.486154
16.13	617.494528
16.15	613.491443
16.17	609.477001
16.18	605.451303
16.20	601.414452
16.22	597.366552
16.23	593.307706
16.25	589.238019
16.27	585.157595
16.28	581.066538
16.30	576.964959
16.32	572.852962
16.33	568.730655
16.35	564.598145
16.37	560.455541
16.38	556.302952
16.40	552.140488
16.42	547.968261
16.43	543.786380
16.45	539.594957
16.47	535.394106
16.48	531.183936
16.50	526.964568
16.52	522.736112
16.53	518.498684
16.55	514.252400
16.57	509.997377
16.58	505.733732
16.60	501.461583
16.62	497.181050
16.63	492.892251
16.65	488.595309
16.67	484.290340
16.68	479.977474
16.70	475.656830
16.72	471.328531
16.73	466.992704
16.75	462.649473
16.77	458.298965
16.78	453.941307
16.80	449.576629
16.82	445.205058
16.83	440.826726
16.85	436.441761
16.87	432.050301
16.88	427.652476
16.90	423.248423
16.92	418.838275
16.93	414.422170
16.95	410.000246
16.97	405.572642
16.98	401.139498
17.00	396.700957
17.02	392.257161
17.03	387.808252
17.05	383.354381
17.07	378.895693
17.08	374.432338
17.10	369.964464
17.12	365.492224
17.13	361.015772
17.15	356.535264
17.17	352.050855
17.18	347.562706
17.20	343.070977
17.22	338.575831
17.23	334.077430
17.25	329.575948
17.27	325.071552
17.28	320.564412
17.30	316.054705
17.32	311.542606
17.33	307.028296
17.35	302.511958
17.37	297.993777
17.38	293.473943
17.40	288.952648
17.42	284.430085
17.43	279.906461
17.45	275.381976
17.47	270.856838
17.48	266.331261
17.50	261.805462
17.52	257.279663
17.53	252.754093
17.55	248.228986
17.57	243.704584
17.58	239.181132
17.60	234.658882
17.62	230.138104
17.63	225.619064
17.65	221.102043
17.67	216.587330
17.68	212.075226
17.70	207.566043
17.72	203.060106
17.73	198.557752
17.75	194.059337
17.77	189.565228
17.78	185.075811
17.80	180.591498
17.82	176.112717
17.83	171.639918
17.85	167.173582
17.87	162.714214
17.88	158.262355
17.90	153.818579
17.92	149.383500
17.93	144.957773
17.95	140.542106
17.97	136.137255
17.98	131.744038
18.00	127.363345
18.02	122.996134
18.03	118.643449
18.05	114.306426
18.07	109.986309
18.08	105.684457
18.10	101.402363
18.12	97.141669
18.13	92.904183
18.15	88.691902
18.17	84.507032
18.18	80.352027
18.20	76.229598
18.22	72.142763
18.23	68.094877
18.25	64.089675
18.27	60.131318
18.28	56.224440
18.30	52.374203
18.32	48.586355
18.33	44.867286
18.35	41.224091
18.37	37.664634
18.38	34.197595
18.40	30.832516
18.42	27.579840
18.43	24.450906
18.45	21.457926
18.47	18.613897
18.48	15.932459
18.50	13.427641
18.52	11.113509
18.53	9.003646
18.55	7.110461
18.57	5.444241
18.58	4.011930
18.60	2.815465
18.62	1.849443
18.63	1.097509
18.65	0.526313
18.67	0.079607
18.68	0.000000
18.70	0.000000
18.72	0.000000
18.73	0.000000
18.75	0.000000
18.77	0.000000
18.78	0.000000
18.80	0.000000
18.82	0.000000
18.83	0.000000
18.85	0.000000
18.87	0.000000
18.88	0.000000
18.90	0.000000
18.92	0.000000
18.93	0.000000
18.95	0.000000
18.97	0.000000
18.98	0.000000
