0 0 155.977961 338.759615 0.000000
0 1 156.062686 339.337347 0.000000
0 2 156.145176 339.918943 0.000000
0 3 156.225407 340.504339 0.000000
0 4 156.303357 341.093465 0.000000
0 5 156.379002 341.686251 0.000000
0 6 156.452321 342.282619 0.000000
0 7 156.523291 342.882490 0.000000
0 8 156.591891 343.485781 0.000000
0 9 156.658101 344.092403 0.000000
0 10 156.721899 344.702266 0.000000
0 11 156.783266 345.315274 0.000000
0 12 156.842183 345.931330 0.000000
0 13 156.898631 346.550330 0.000000
0 14 156.952591 347.172170 0.000000
0 15 157.004047 347.796739 0.000000
0 16 157.052981 348.423926 0.000000
0 17 157.099376 349.053613 0.000000
0 18 157.143219 349.685683 0.000000
0 19 157.184493 350.320013 0.000000
0 20 157.223185 350.956477 0.000000
0 21 157.259282 351.594949 0.000000
0 22 157.292771 352.235296 0.000000
0 23 157.323641 352.877386 0.000000
0 24 157.351881 353.521083 0.000000
0 25 157.377481 354.166250 0.000000
0 26 157.400432 354.812747 0.000000
0 27 157.420727 355.460431 0.000000
0 28 157.438357 356.109160 0.000000
0 29 157.453317 356.758789 0.000000
0 30 157.465601 357.409172 0.000000
0 31 157.475205 358.060161 0.000000
0 32 157.482126 358.711609 0.000000
0 33 157.486361 359.363367 0.000000
0 34 157.487908 0.015286 0.000000
0 35 157.486768 0.667216 0.000000
0 36 157.482939 1.319008 0.000000
0 37 157.476425 1.970513 0.000000
0 38 157.467227 2.621583 0.000000
0 39 157.455348 3.272068 0.000000
0 40 157.440792 3.921823 0.000000
0 41 157.423566 4.570699 0.000000
0 42 157.403674 5.218554 0.000000
0 43 157.381125 5.865242 0.000000
0 44 157.355925 6.510623 0.000000
0 45 157.328085 7.154556 0.000000
0 46 157.297612 7.796902 0.000000
0 47 157.264519 8.437526 0.000000
0 48 157.228817 9.076295 0.000000
0 49 157.190517 9.713076 0.000000
0 50 157.149633 10.347743 0.000000
0 51 157.106179 10.980169 0.000000
0 52 157.060170 11.610232 0.000000
0 53 157.011620 12.237812 0.000000
0 54 156.960546 12.862792 0.000000
0 55 156.906965 13.485060 0.000000
0 56 156.850894 14.104506 0.000000
0 57 156.792351 14.721023 0.000000
0 58 156.731354 15.334508 0.000000
0 59 156.667924 15.944864 0.000000
1 0 156.602080 16.551993 0.000000
1 1 156.533842 17.155804 0.000000
1 2 156.463231 17.756210 0.000000
1 3 156.390269 18.353126 0.000000
1 4 156.314976 18.946471 0.000000
1 5 156.237377 19.536170 0.000000
1 6 156.157492 20.122149 0.000000
1 7 156.075345 20.704339 0.000000
1 8 155.990959 21.282675 0.000000
1 9 155.904358 21.857096 0.000000
1 10 155.815565 22.427543 0.000000
1 11 155.724605 22.993964 0.000000
1 12 155.631502 23.556307 0.000000
1 13 155.536280 24.114526 0.000000
1 14 155.438965 24.668578 0.000000
1 15 155.339580 25.218424 0.000000
1 16 155.238152 25.764027 0.000000
1 17 155.134704 26.305354 0.000000
1 18 155.029262 26.842376 0.000000
1 19 154.921852 27.375067 0.000000
1 20 154.812498 27.903404 0.000000
1 21 154.701226 28.427367 0.000000
1 22 154.588062 28.946938 0.000000
1 23 154.473029 29.462105 0.000000
1 24 154.356154 29.972855 0.000000
1 25 154.237461 30.479180 0.000000
1 26 154.116976 30.981075 0.000000
1 27 153.994724 31.478535 0.000000
1 28 153.870729 31.971561 0.000000
1 29 153.745016 32.460154 0.000000
1 30 153.617611 32.944318 0.000000
1 31 153.488536 33.424058 0.000000
1 32 153.357817 33.899384 0.000000
1 33 153.225478 34.370304 0.000000
1 34 153.091543 34.836832 0.000000
1 35 152.956035 35.298982 0.000000
1 36 152.818978 35.756768 0.000000
1 37 152.680395 36.210209 0.000000
1 38 152.540310 36.659324 0.000000
1 39 152.398746 37.104133 0.000000
1 40 152.255725 37.544658 0.000000
1 41 152.111270 37.980922 0.000000
1 42 151.965402 38.412950 0.000000
1 43 151.818145 38.840768 0.000000
1 44 151.669519 39.264403 0.000000
1 45 151.519546 39.683882 0.000000
1 46 151.368248 40.099235 0.000000
1 47 151.215645 40.510492 0.000000
1 48 151.061759 40.917683 0.000000
1 49 150.906609 41.320839 0.000000
1 50 150.750215 41.719995 0.000000
1 51 150.592598 42.115181 0.000000
1 52 150.433778 42.506432 0.000000
1 53 150.273773 42.893782 0.000000
1 54 150.112602 43.277266 0.000000
1 55 149.950286 43.656918 0.000000
1 56 149.786841 44.032775 0.000000
1 57 149.622287 44.404872 0.000000
1 58 149.456641 44.773246 0.000000
1 59 149.289921 45.137933 0.000000
2 0 149.122145 45.498970 0.000000
2 1 148.953329 45.856395 0.000000
2 2 148.783491 46.210244 0.000000
2 3 148.612648 46.560554 0.000000
2 4 148.440816 46.907363 0.000000
2 5 148.268010 47.250710 0.000000
2 6 148.094247 47.590630 0.000000
2 7 147.919543 47.927163 0.000000
2 8 147.743913 48.260344 0.000000
2 9 147.567372 48.590213 0.000000
2 10 147.389934 48.916807 0.000000
2 11 147.211615 49.240162 0.000000
2 12 147.032429 49.560316 0.000000
2 13 146.852390 49.877307 0.000000
2 14 146.671511 50.191172 0.000000
2 15 146.489808 50.501947 0.000000
2 16 146.307292 50.809668 0.000000
2 17 146.123978 51.114374 0.000000
2 18 145.939878 51.416099 0.000000
2 19 145.755005 51.714880 0.000000
2 20 145.569371 52.010753 0.000000
2 21 145.382990 52.303753 0.000000
2 22 145.195872 52.593916 0.000000
2 23 145.008030 52.881276 0.000000
2 24 144.819476 53.165869 0.000000
2 25 144.630220 53.447730 0.000000
2 26 144.440275 53.726891 0.000000
2 27 144.249652 54.003388 0.000000
2 28 144.058360 54.277254 0.000000
2 29 143.866412 54.548521 0.000000
2 30 143.673817 54.817224 0.000000
2 31 143.480586 55.083395 0.000000
2 32 143.286729 55.347066 0.000000
2 33 143.092255 55.608269 0.000000
2 34 142.897176 55.867036 0.000000
2 35 142.701499 56.123398 0.000000
2 36 142.505236 56.377386 0.000000
2 37 142.308394 56.629031 0.000000
2 38 142.110984 56.878364 0.000000
2 39 141.913013 57.125413 0.000000
2 40 141.714491 57.370209 0.000000
2 41 141.515427 57.612782 0.000000
2 42 141.315829 57.853159 0.000000
2 43 141.115705 58.091370 0.000000
2 44 140.915063 58.327443 0.000000
2 45 140.713912 58.561406 0.000000
2 46 140.512259 58.793287 0.000000
2 47 140.310112 59.023112 0.000000
2 48 140.107479 59.250909 0.000000
2 49 139.904367 59.476704 0.000000
2 50 139.700784 59.700524 0.000000
2 51 139.496736 59.922394 0.000000
2 52 139.292231 60.142339 0.000000
2 53 139.087276 60.360386 0.000000
2 54 138.881877 60.576560 0.000000
2 55 138.676042 60.790883 0.000000
2 56 138.469777 61.003382 0.000000
2 57 138.263088 61.214080 0.000000
2 58 138.055981 61.423000 0.000000
2 59 137.848464 61.630166 0.000000
3 0 137.640542 61.835601 0.000000
3 1 137.432221 62.039327 0.000000
3 2 137.223507 62.241368 0.000000
3 3 137.014406 62.441744 0.000000
3 4 136.804924 62.640479 0.000000
3 5 136.595066 62.837592 0.000000
3 6 136.384838 63.033107 0.000000
3 7 136.174245 63.227043 0.000000
3 8 135.963293 63.419420 0.000000
3 9 135.751987 63.610261 0.000000
3 10 135.540331 63.799584 0.000000
3 11 135.328332 63.987409 0.000000
3 12 135.115994 64.173756 0.000000
3 13 134.903322 64.358644 0.000000
3 14 134.690321 64.542093 0.000000
3 15 134.476995 64.724120 0.000000
3 16 134.263350 64.904744 0.000000
3 17 134.049389 65.083984 0.000000
3 18 133.835117 65.261857 0.000000
3 19 133.620539 65.438382 0.000000
3 20 133.405660 65.613575 0.000000
3 21 133.190482 65.787453 0.000000
3 22 132.975011 65.960035 0.000000
3 23 132.759250 66.131336 0.000000
3 24 132.543205 66.301374 0.000000
3 25 132.326878 66.470163 0.000000
3 26 132.110273 66.637721 0.000000
3 27 131.893396 66.804063 0.000000
3 28 131.676248 66.969205 0.000000
3 29 131.458834 67.133162 0.000000
3 30 131.241159 67.295950 0.000000
3 31 131.023224 67.457583 0.000000
3 32 130.805034 67.618076 0.000000
3 33 130.586593 67.777444 0.000000
3 34 130.367904 67.935701 0.000000
3 35 130.148970 68.092861 0.000000
3 36 129.929794 68.248939 0.000000
3 37 129.710380 68.403947 0.000000
3 38 129.490732 68.557900 0.000000
3 39 129.270851 68.710811 0.000000
3 40 129.050742 68.862692 0.000000
3 41 128.830408 69.013558 0.000000
3 42 128.609850 69.163422 0.000000
3 43 128.389074 69.312294 0.000000
3 44 128.168080 69.460189 0.000000
3 45 127.946873 69.607119 0.000000
3 46 127.725455 69.753095 0.000000
3 47 127.503830 69.898130 0.000000
3 48 127.281998 70.042236 0.000000
3 49 127.059964 70.185423 0.000000
3 50 126.837731 70.327705 0.000000
3 51 126.615299 70.469091 0.000000
3 52 126.392674 70.609594 0.000000
3 53 126.169855 70.749224 0.000000
3 54 125.946848 70.887993 0.000000
3 55 125.723653 71.025910 0.000000
3 56 125.500273 71.162987 0.000000
3 57 125.276711 71.299235 0.000000
3 58 125.052969 71.434662 0.000000
3 59 124.829049 71.569281 0.000000
4 0 124.604954 71.703100 0.000000
4 1 124.380686 71.836130 0.000000
4 2 124.156247 71.968381 0.000000
4 3 123.931639 72.099861 0.000000
4 4 123.706865 72.230582 0.000000
4 5 123.481926 72.360552 0.000000
4 6 123.256825 72.489780 0.000000
4 7 123.031564 72.618276 0.000000
4 8 122.806144 72.746048 0.000000
4 9 122.580568 72.873107 0.000000
4 10 122.354838 72.999459 0.000000
4 11 122.128956 73.125115 0.000000
4 12 121.902924 73.250083 0.000000
4 13 121.676743 73.374372 0.000000
4 14 121.450415 73.497989 0.000000
4 15 121.223942 73.620943 0.000000
4 16 120.997327 73.743242 0.000000
4 17 120.770570 73.864895 0.000000
4 18 120.543675 73.985909 0.000000
4 19 120.316641 74.106293 0.000000
4 20 120.089471 74.226053 0.000000
4 21 119.862168 74.345198 0.000000
4 22 119.634731 74.463735 0.000000
4 23 119.407164 74.581672 0.000000
4 24 119.179468 74.699016 0.000000
4 25 118.951643 74.815775 0.000000
4 26 118.723693 74.931955 0.000000
4 27 118.495618 75.047564 0.000000
4 28 118.267420 75.162610 0.000000
4 29 118.039101 75.277098 0.000000
4 30 117.810661 75.391036 0.000000
4 31 117.582103 75.504430 0.000000
4 32 117.353428 75.617288 0.000000
4 33 117.124638 75.729616 0.000000
4 34 116.895733 75.841420 0.000000
4 35 116.666715 75.952708 0.000000
4 36 116.437586 76.063484 0.000000
4 37 116.208347 76.173757 0.000000
4 38 115.978999 76.283532 0.000000
4 39 115.749543 76.392815 0.000000
4 40 115.519982 76.501613 0.000000
4 41 115.290316 76.609930 0.000000
4 42 115.060546 76.717775 0.000000
4 43 114.830674 76.825152 0.000000
4 44 114.600701 76.932067 0.000000
4 45 114.370629 77.038526 0.000000
4 46 114.140458 77.144535 0.000000
4 47 113.910189 77.250099 0.000000
4 48 113.679824 77.355224 0.000000
4 49 113.449365 77.459916 0.000000
4 50 113.218811 77.564180 0.000000
4 51 112.988165 77.668022 0.000000
4 52 112.757428 77.771446 0.000000
4 53 112.526600 77.874459 0.000000
4 54 112.295682 77.977065 0.000000
4 55 112.064677 78.079269 0.000000
4 56 111.833584 78.181077 0.000000
4 57 111.602405 78.282494 0.000000
4 58 111.371141 78.383525 0.000000
4 59 111.139794 78.484175 0.000000
5 0 110.908363 78.584449 0.000000
5 1 110.676850 78.684351 0.000000
5 2 110.445256 78.783887 0.000000
5 3 110.213583 78.883061 0.000000
5 4 109.981830 78.981879 0.000000
5 5 109.750000 79.080344 0.000000
5 6 109.518092 79.178461 0.000000
5 7 109.286109 79.276235 0.000000
5 8 109.054050 79.373671 0.000000
5 9 108.821917 79.470773 0.000000
5 10 108.589711 79.567546 0.000000
5 11 108.357433 79.663993 0.000000
5 12 108.125083 79.760120 0.000000
5 13 107.892662 79.855931 0.000000
5 14 107.660172 79.951429 0.000000
5 15 107.427613 80.046620 0.000000
5 16 107.194986 80.141507 0.000000
5 17 106.962292 80.236095 0.000000
5 18 106.729531 80.330388 0.000000
5 19 106.496705 80.424390 0.000000
5 20 106.263815 80.518104 0.000000
5 21 106.030861 80.611536 0.000000
5 22 105.797844 80.704689 0.000000
5 23 105.564764 80.797567 0.000000
5 24 105.331624 80.890174 0.000000
5 25 105.098422 80.982514 0.000000
5 26 104.865161 81.074591 0.000000
5 27 104.631841 81.166408 0.000000
5 28 104.398463 81.257970 0.000000
5 29 104.165027 81.349280 0.000000
5 30 103.931534 81.440342 0.000000
5 31 103.697986 81.531160 0.000000
5 32 103.464382 81.621737 0.000000
5 33 103.230724 81.712077 0.000000
5 34 102.997011 81.802184 0.000000
5 35 102.763246 81.892061 0.000000
5 36 102.529428 81.981712 0.000000
5 37 102.295559 82.071141 0.000000
5 38 102.061639 82.160350 0.000000
5 39 101.827668 82.249344 0.000000
5 40 101.593648 82.338126 0.000000
5 41 101.359578 82.426700 0.000000
5 42 101.125461 82.515068 0.000000
5 43 100.891296 82.603235 0.000000
5 44 100.657084 82.691203 0.000000
5 45 100.422826 82.778976 0.000000
5 46 100.188522 82.866558 0.000000
5 47 99.954173 82.953951 0.000000
5 48 99.719780 83.041159 0.000000
5 49 99.485343 83.128186 0.000000
5 50 99.250863 83.215034 0.000000
5 51 99.016341 83.301707 0.000000
5 52 98.781776 83.388208 0.000000
5 53 98.547171 83.474540 0.000000
5 54 98.312525 83.560706 0.000000
5 55 98.077839 83.646710 0.000000
5 56 97.843114 83.732555 0.000000
5 57 97.608350 83.818243 0.000000
5 58 97.373548 83.903778 0.000000
5 59 97.138708 83.989164 0.000000
6 0 96.903831 84.074402 0.000000
6 1 96.668918 84.159497 0.000000
6 2 96.433969 84.244451 0.000000
6 3 96.198985 84.329267 0.000000
6 4 95.963966 84.413949 0.000000
6 5 95.728913 84.498498 0.000000
6 6 95.493827 84.582920 0.000000
6 7 95.258708 84.667215 0.000000
6 8 95.023556 84.751387 0.000000
6 9 94.788372 84.835440 0.000000
6 10 94.553157 84.919376 0.000000
6 11 94.317911 85.003198 0.000000
6 12 94.082635 85.086910 0.000000
6 13 93.847329 85.170513 0.000000
6 14 93.611994 85.254010 0.000000
6 15 93.376631 85.337406 0.000000
6 16 93.141239 85.420702 0.000000
6 17 92.905820 85.503902 0.000000
6 18 92.670374 85.587008 0.000000
6 19 92.434902 85.670023 0.000000
6 20 92.199403 85.752950 0.000000
6 21 91.963879 85.835792 0.000000
6 22 91.728331 85.918552 0.000000
6 23 91.492757 86.001233 0.000000
6 24 91.257160 86.083837 0.000000
6 25 91.021540 86.166367 0.000000
6 26 90.221712 86.248826 0.000000
6 27 90.023231 86.331216 0.000000
6 28 89.823402 86.413542 104.768277
6 29 89.621422 86.495804 100.289135
6 30 89.416919 86.578007 99.054887
6 31 89.209797 86.660153 100.194525
6 32 89.000117 86.742245 103.153037
6 33 88.788031 86.824285 107.555673
6 34 88.573727 86.906276 113.134404
6 35 88.357409 86.988221 119.686763
6 36 88.139278 87.070123 127.052272
6 37 87.919521 87.151985 135.098678
6 38 87.698311 87.233809 143.713791
6 39 87.475805 87.315598 152.800548
6 40 87.252140 87.397355 162.273948
6 41 87.027440 87.479083 172.059063
6 42 86.801815 87.560784 182.089684
6 43 86.575361 87.642461 192.307308
6 44 86.348161 87.724117 202.660354
6 45 86.120291 87.805755 213.103457
6 46 85.891817 87.887377 223.596909
6 47 85.662797 87.968986 234.106087
6 48 85.433283 88.050585 244.600953
6 49 85.203319 88.132177 255.055588
6 50 84.972947 88.213764 265.447752
6 51 84.742202 88.295350 275.758493
6 52 84.511117 88.376936 285.971768
6 53 84.279721 88.458526 296.074117
6 54 84.048039 88.540123 306.054352
6 55 83.816095 88.621730 315.903292
6 56 83.583909 88.703348 325.613486
6 57 83.351500 88.784981 335.179035
6 58 83.118886 88.866632 344.595367
6 59 82.886081 88.948304 353.859066
7 0 82.653101 89.029999 362.967720
7 1 82.419956 89.111720 371.919782
7 2 82.186660 89.193470 380.714450
7 3 81.953223 89.275252 389.351559
7 4 81.719655 89.357069 397.831488
7 5 81.485964 89.438923 406.155081
7 6 81.252159 89.520817 414.323575
7 7 81.018248 89.602755 422.338521
7 8 80.784238 89.684739 430.201761
7 9 80.550134 89.766772 437.915355
7 10 80.315943 89.848857 445.481550
7 11 80.081671 89.930997 452.902740
7 12 79.847324 90.013194 460.181438
7 13 79.612904 90.095452 467.320248
7 14 79.378419 90.177773 474.321840
7 15 79.143870 90.260162 481.188934
7 16 78.909263 90.342619 487.924278
7 17 78.674602 90.425149 494.530641
7 18 78.439889 90.507755 501.010783
7 19 78.205128 90.590439 507.367467
7 20 77.970323 90.673204 513.603438
7 21 77.735475 90.756054 519.721413
7 22 77.500589 90.838992 525.724082
7 23 77.265666 90.922020 531.614096
7 24 77.030709 91.005142 537.394067
7 25 76.795721 91.088360 543.066564
7 26 76.560704 91.171679 548.634106
7 27 76.325659 91.255100 554.099167
7 28 76.090589 91.338628 559.464167
7 29 75.855497 91.422265 564.731478
7 30 75.620383 91.506015 569.903410
7 31 75.385250 91.589880 574.982229
7 32 75.150099 91.673864 579.970145
7 33 74.914932 91.757970 584.869313
7 34 74.679752 91.842202 589.681836
7 35 74.444558 91.926563 594.409761
7 36 74.209353 92.011055 599.055087
7 37 73.974139 92.095683 603.619759
7 38 73.738916 92.180450 608.105669
7 39 73.503686 92.265359 612.514663
7 40 73.268451 92.350413 616.848537
7 41 73.033211 92.435616 621.109032
7 42 72.797969 92.520971 625.297851
7 43 72.562724 92.606483 629.416647
7 44 72.327479 92.692153 633.467027
7 45 72.092235 92.777987 637.450556
7 46 71.856992 92.863986 641.368755
7 47 71.621752 92.950156 645.223103
7 48 71.386516 93.036500 649.015039
7 49 71.151285 93.123020 652.745962
7 50 70.916060 93.209722 656.417234
7 51 70.680842 93.296608 660.030179
7 52 70.445632 93.383683 663.586080
7 53 70.210432 93.470949 667.086190
7 54 69.975241 93.558412 670.531728
7 55 69.740062 93.646074 673.923877
7 56 69.504895 93.733940 677.263789
7 57 69.269741 93.822013 680.552583
7 58 69.034601 93.910298 683.791351
7 59 68.799476 93.998798 686.981152
8 0 68.564367 94.087517 690.123017
8 1 68.329275 94.176460 693.217951
8 2 68.094200 94.265631 696.266932
8 3 67.859144 94.355033 699.270908
8 4 67.624108 94.444671 702.230805
8 5 67.389092 94.534549 705.147524
8 6 67.154098 94.624671 708.021942
8 7 66.919126 94.715042 710.854913
8 8 66.684177 94.805665 713.647268
8 9 66.449253 94.896546 716.399817
8 10 66.214353 94.987688 719.113348
8 11 65.979479 95.079097 721.788630
8 12 65.744632 95.170776 724.426410
8 13 65.509813 95.262731 727.027417
8 14 65.275022 95.354965 729.592364
8 15 65.040260 95.447484 732.121939
8 16 64.805529 95.540292 734.616819
8 17 64.570830 95.633394 737.077660
8 18 64.336162 95.726794 739.505105
8 19 64.101527 95.820499 741.899778
8 20 63.866927 95.914511 744.262288
8 21 63.632361 96.008838 746.593231
8 22 63.397831 96.103483 748.893185
8 23 63.163337 96.198451 751.162716
8 24 62.928881 96.293748 753.402375
8 25 62.694464 96.389380 755.612702
8 26 62.460086 96.485350 757.794220
8 27 62.225748 96.581666 759.947443
8 28 61.991452 96.678331 762.072869
8 29 61.757198 96.775352 764.170989
8 30 61.522987 96.872734 766.242278
8 31 61.288820 96.970482 768.287203
8 32 61.054699 97.068603 770.306216
8 33 60.820623 97.167102 772.299763
8 34 60.586595 97.265985 774.268277
8 35 60.352615 97.365257 776.212181
8 36 60.118683 97.464925 778.131891
8 37 59.884802 97.564995 780.027807
8 38 59.650972 97.665473 781.900326
8 39 59.417194 97.766365 783.749835
8 40 59.183469 97.867677 785.576711
8 41 58.949798 97.969416 787.381321
8 42 58.716183 98.071588 789.164027
8 43 58.482624 98.174200 790.925182
8 44 58.249122 98.277258 792.665130
8 45 58.015679 98.380769 794.384208
8 46 57.782295 98.484739 796.082745
8 47 57.548972 98.589177 797.761066
8 48 57.315711 98.694088 799.419483
8 49 57.082513 98.799480 801.058307
8 50 56.849379 98.905359 802.677839
8 51 56.616310 99.011734 804.278374
8 52 56.383308 99.118612 805.860202
8 53 56.150373 99.225999 807.423606
8 54 55.917507 99.333905 808.968863
8 55 55.684712 99.442335 810.496244
8 56 55.451987 99.551299 812.006014
8 57 55.219335 99.660804 813.498434
8 58 54.986758 99.770858 814.973758
8 59 54.754255 99.881469 816.432237
9 0 54.521828 99.992645 817.874112
9 1 54.289480 100.104396 819.299623
9 2 54.057211 100.216729 820.709006
9 3 53.825022 100.329653 822.102489
9 4 53.592915 100.443178 823.480298
9 5 53.360892 100.557311 824.842652
9 6 53.128953 100.672061 826.189769
9 7 52.897100 100.787439 827.521858
9 8 52.665335 100.903453 828.839129
9 9 52.433659 101.020113 830.141783
9 10 52.202073 101.137429 831.430022
9 11 51.970580 101.255409 832.704039
9 12 51.739181 101.374065 833.964027
9 13 51.507876 101.493406 835.210172
9 14 51.276669 101.613443 836.442661
9 15 51.045560 101.734185 837.661672
9 16 50.814552 101.855643 838.867384
9 17 50.583645 101.977829 840.059970
9 18 50.352842 102.100753 841.239601
9 19 50.122144 102.224426 842.406444
9 20 49.891553 102.348859 843.560663
9 21 49.661071 102.474064 844.702420
9 22 49.430699 102.600052 845.831871
9 23 49.200441 102.726835 846.949173
9 24 48.970296 102.854426 848.054477
9 25 48.740268 102.982836 849.147932
9 26 48.510358 103.112078 850.229686
9 27 48.280568 103.242164 851.299882
9 28 48.050901 103.373108 852.358661
9 29 47.821358 103.504922 853.406163
9 30 47.591941 103.637620 854.442522
9 31 47.362653 103.771215 855.467874
9 32 47.133495 103.905721 856.482349
9 33 46.904470 104.041151 857.486076
9 34 46.675580 104.177521 858.479182
9 35 46.446828 104.314844 859.461790
9 36 46.218215 104.453135 860.434024
9 37 45.989744 104.592409 861.396002
9 38 45.761418 104.732682 862.347844
9 39 45.533239 104.873968 863.289664
9 40 45.305208 105.016284 864.221576
9 41 45.077330 105.159646 865.143693
9 42 44.849606 105.304069 866.056123
9 43 44.622040 105.449572 866.958976
9 44 44.394632 105.596169 867.852356
9 45 44.167388 105.743880 868.736368
9 46 43.940309 105.892720 869.611115
9 47 43.713398 106.042709 870.476696
9 48 43.486657 106.193864 871.333211
9 49 43.260091 106.346204 872.180757
9 50 43.033702 106.499747 873.019430
9 51 42.807492 106.654513 873.849323
9 52 42.581466 106.810521 874.670529
9 53 42.355626 106.967792 875.483139
9 54 42.129976 107.126345 876.287241
9 55 41.904518 107.286201 877.082925
9 56 41.679257 107.447382 877.870275
9 57 41.454196 107.609908 878.649377
9 58 41.229337 107.773801 879.420314
9 59 41.004685 107.939084 880.183169
10 0 40.780244 108.105780 880.938021
10 1 40.556017 108.273911 881.684951
10 2 40.332008 108.443501 882.424036
10 3 40.108221 108.614574 883.155353
10 4 39.884660 108.787154 883.878978
10 5 39.661328 108.961267 884.594984
10 6 39.438231 109.136937 885.303446
10 7 39.215372 109.314192 886.004435
10 8 38.992755 109.493056 886.698021
10 9 38.770386 109.673557 887.384274
10 10 38.548268 109.855722 888.063262
10 11 38.326406 110.039580 888.735054
10 12 38.104805 110.225159 889.399714
10 13 37.883469 110.412488 890.057308
10 14 37.662404 110.601596 890.707901
10 15 37.441615 110.792514 891.351555
10 16 37.221106 110.985273 891.988333
10 17 37.000883 111.179904 892.618295
10 18 36.780952 111.376438 893.241502
10 19 36.561317 111.574910 893.858013
10 20 36.341985 111.775352 894.467885
10 21 36.122960 111.977798 895.071177
10 22 35.904250 112.182283 895.667944
10 23 35.685860 112.388842 896.258242
10 24 35.467795 112.597512 896.842126
10 25 35.250063 112.808328 897.419650
10 26 35.032670 113.021330 897.990865
10 27 34.815622 113.236554 898.555825
10 28 34.598926 113.454041 899.114580
10 29 34.382589 113.673830 899.667182
10 30 34.166618 113.895961 900.213679
10 31 33.951020 114.120476 900.754120
10 32 33.735802 114.347418 901.288553
10 33 33.520973 114.576830 901.817027
10 34 33.306539 114.808755 902.339586
10 35 33.092508 115.043239 902.856277
10 36 32.878890 115.280328 903.367146
10 37 32.665692 115.520068 903.872236
10 38 32.452922 115.762506 904.371592
10 39 32.240589 116.007693 904.865256
10 40 32.028702 116.255677 905.353270
10 41 31.817270 116.506509 905.835677
10 42 31.606303 116.760240 906.312516
10 43 31.395810 117.016924 906.783830
10 44 31.185801 117.276614 907.249656
10 45 30.976286 117.539364 907.710036
10 46 30.767275 117.805232 908.165006
10 47 30.558778 118.074273 908.614604
10 48 30.350808 118.346546 909.058869
10 49 30.143374 118.622110 909.497836
10 50 29.936487 118.901025 909.931543
10 51 29.730161 119.183354 910.360023
10 52 29.524406 119.469159 910.783313
10 53 29.319235 119.758503 911.201446
10 54 29.114660 120.051453 911.614457
10 55 28.910694 120.348074 912.022379
10 56 28.707350 120.648434 912.425244
10 57 28.504642 120.952602 912.823085
10 58 28.302584 121.260649 913.215934
10 59 28.101190 121.572646 913.603821
11 0 27.900474 121.888666 913.986778
11 1 27.700452 122.208782 914.364835
11 2 27.501138 122.533071 914.738021
11 3 27.302548 122.861609 915.106365
11 4 27.104699 123.194474 915.469897
11 5 26.907607 123.531746 915.828645
11 6 26.711289 123.873505 916.182636
11 7 26.515762 124.219833 916.531898
11 8 26.321044 124.570815 916.876458
11 9 26.127154 124.926534 917.216342
11 10 25.934109 125.287077 917.551576
11 11 25.741930 125.652531 917.882187
11 12 25.550636 126.022985 918.208198
11 13 25.360247 126.398528 918.529635
11 14 25.170784 126.779252 918.846522
11 15 24.982268 127.165250 919.158882
11 16 24.794721 127.556613 919.466740
11 17 24.608165 127.953439 919.770119
11 18 24.422623 128.355821 920.069040
11 19 24.238119 128.763857 920.363527
11 20 24.054677 129.177646 920.653601
11 21 23.872320 129.597285 920.939284
11 22 23.691075 130.022874 921.220597
11 23 23.510968 130.454515 921.497560
11 24 23.332024 130.892308 921.770194
11 25 23.154271 131.336355 922.038520
11 26 22.977737 131.786758 922.302555
11 27 22.802451 132.243621 922.562321
11 28 22.628440 132.707046 922.817835
11 29 22.455736 133.177138 923.069116
11 30 22.284369 133.653999 923.316183
11 31 22.114369 134.137733 923.559053
11 32 21.945770 134.628444 923.797743
11 33 21.778603 135.126233 924.032272
11 34 21.612901 135.631204 924.262656
11 35 21.448700 136.143457 924.488910
11 36 21.286034 136.663094 924.711052
11 37 21.124938 137.190212 924.929097
11 38 20.965450 137.724911 925.143061
11 39 20.807605 138.267286 925.352959
11 40 20.651442 138.817431 925.558806
11 41 20.496999 139.375438 925.760616
11 42 20.344316 139.941397 925.958403
11 43 20.193433 140.515394 926.152182
11 44 20.044390 141.097513 926.341966
11 45 19.897229 141.687832 926.527769
11 46 19.751992 142.286429 926.709602
11 47 19.608722 142.893375 926.887481
11 48 19.467463 143.508737 927.061415
11 49 19.328259 144.132576 927.231418
11 50 19.191155 144.764950 927.397502
11 51 19.056195 145.405908 927.559678
11 52 18.923427 146.055496 927.717957
11 53 18.792896 146.713750 927.872350
11 54 18.664650 147.380701 928.022868
11 55 18.538736 148.056371 928.169522
11 56 18.415203 148.740774 928.312320
11 57 18.294098 149.433915 928.451275
11 58 18.175470 150.135791 928.586393
11 59 18.059368 150.846389 928.717686
12 0 17.945842 151.565684 928.845162
12 1 17.834940 152.293642 928.968830
12 2 17.726712 153.030218 929.088698
12 3 17.621207 153.775354 929.204775
12 4 17.518474 154.528981 929.317068
12 5 17.418564 155.291017 929.425584
12 6 17.321523 156.061368 929.530333
12 7 17.227403 156.839926 929.631320
12 8 17.136249 157.626569 929.728552
12 9 17.048110 158.421162 929.822036
12 10 16.963034 159.223556 929.911779
12 11 16.881066 160.033586 929.997785
12 12 16.802252 160.851073 930.080063
12 13 16.726637 161.675825 930.158616
12 14 16.654264 162.507633 930.233450
12 15 16.585176 163.346274 930.304570
12 16 16.519414 164.191512 930.371981
12 17 16.457019 165.043093 930.435688
12 18 16.398027 165.900751 930.495695
12 19 16.342478 166.764206 930.552005
12 20 16.290405 167.633164 930.604623
12 21 16.241842 168.507317 930.653552
12 22 16.196821 169.386343 930.698796
12 23 16.155372 170.269911 930.740357
12 24 16.117522 171.157676 930.778238
12 25 16.083296 172.049283 930.812442
12 26 16.052718 172.944365 930.842971
12 27 16.025809 173.842550 930.869827
12 28 16.002587 174.743452 930.893012
12 29 15.983068 175.646682 930.912527
12 30 15.967267 176.551842 930.928374
12 31 15.955193 177.458531 930.940554
12 32 15.946856 178.366343 930.949067
12 33 15.942261 179.274865 930.953914
12 34 15.941411 180.183687 930.955096
12 35 15.944308 181.092397 930.952611
12 36 15.950949 182.000582 930.946461
12 37 15.961330 182.907832 930.936645
12 38 15.975442 183.813737 930.923162
12 39 15.993278 184.717894 930.906011
12 40 16.014823 185.619904 930.885190
12 41 16.040062 186.519371 930.860699
12 42 16.068980 187.415910 930.832536
12 43 16.101555 188.309143 930.800699
12 44 16.137765 189.198699 930.765185
12 45 16.177587 190.084217 930.725992
12 46 16.220993 190.965350 930.683118
12 47 16.267955 191.841757 930.636559
12 48 16.318442 192.713114 930.586313
12 49 16.372421 193.579107 930.532376
12 50 16.429858 194.439435 930.474744
12 51 16.490717 195.293811 930.413413
12 52 16.554960 196.141962 930.348379
12 53 16.622547 196.983630 930.279637
12 54 16.693439 197.818570 930.207184
12 55 16.767593 198.646553 930.131014
12 56 16.844965 199.467364 930.051121
12 57 16.925512 200.280803 929.967500
12 58 17.009189 201.086685 929.880146
12 59 17.095949 201.884839 929.789053
13 0 17.185746 202.675108 929.694214
13 1 17.278533 203.457352 929.595623
13 2 17.374261 204.231441 929.493272
13 3 17.472882 204.997263 929.387156
13 4 17.574347 205.754716 929.277266
13 5 17.678607 206.503713 929.163596
13 6 17.785614 207.244180 929.046136
13 7 17.895317 207.976052 928.924880
13 8 18.007667 208.699280 928.799819
13 9 18.122615 209.413824 928.670944
13 10 18.240112 210.119655 928.538246
13 11 18.360108 210.816756 928.401717
13 12 18.482556 211.505118 928.261346
13 13 18.607406 212.184743 928.117124
13 14 18.734610 212.855640 927.969041
13 15 18.864121 213.517829 927.817086
13 16 18.995891 214.171335 927.661250
13 17 19.129874 214.816195 927.501520
13 18 19.266023 215.452447 927.337887
13 19 19.404293 216.080140 927.170339
13 20 19.544638 216.699328 926.998863
13 21 19.687014 217.310071 926.823448
13 22 19.831378 217.912433 926.644082
13 23 19.977685 218.506483 926.460752
13 24 20.125893 219.092297 926.273445
13 25 20.275962 219.669951 926.082148
13 26 20.427849 220.239528 925.886847
13 27 20.581513 220.801113 925.687528
13 28 20.736917 221.354793 925.484178
13 29 20.894020 221.900661 925.276782
13 30 21.052785 222.438808 925.065325
13 31 21.213173 222.969330 924.849792
13 32 21.375149 223.492324 924.630168
13 33 21.538676 224.007889 924.406438
13 34 21.703719 224.516124 924.178584
13 35 21.870244 225.017132 923.946590
13 36 22.038217 225.511012 923.710441
13 37 22.207606 225.997869 923.470118
13 38 22.378376 226.477804 923.225605
13 39 22.550498 226.950922 922.976884
13 40 22.723941 227.417326 922.723936
13 41 22.898674 227.877120 922.466744
13 42 23.074667 228.330405 922.205288
13 43 23.251892 228.777287 921.939550
13 44 23.430322 229.217867 921.669509
13 45 23.609928 229.652247 921.395146
13 46 23.790683 230.080530 921.116442
13 47 23.972562 230.502815 920.833374
13 48 24.155539 230.919204 920.545923
13 49 24.339589 231.329795 920.254066
13 50 24.524688 231.734686 919.957783
13 51 24.710812 232.133976 919.657050
13 52 24.897938 232.527759 919.351847
13 53 25.086044 232.916132 919.042148
13 54 25.275106 233.299189 918.727932
13 55 25.465105 233.677022 918.409174
13 56 25.656018 234.049723 918.085851
13 57 25.847826 234.417382 917.757937
13 58 26.040509 234.780090 917.425408
13 59 26.234046 235.137933 917.088239
14 0 26.428420 235.490998 916.746403
14 1 26.623612 235.839372 916.399874
14 2 26.819603 236.183137 916.048625
14 3 27.016376 236.522376 915.692629
14 4 27.213915 236.857171 915.331859
14 5 27.412201 237.187603 914.966287
14 6 27.611220 237.513748 914.595883
14 7 27.810955 237.835686 914.220619
14 8 28.011390 238.153491 913.840465
14 9 28.212511 238.467240 913.455392
14 10 28.414303 238.777004 913.065368
14 11 28.616752 239.082857 912.670362
14 12 28.819842 239.384869 912.270344
14 13 29.023562 239.683109 911.865280
14 14 29.227897 239.977646 911.455139
14 15 29.432835 240.268548 911.039887
14 16 29.638362 240.555878 910.619490
14 17 29.844467 240.839703 910.193915
14 18 30.051137 241.120086 909.763127
14 19 30.258360 241.397088 909.327090
14 20 30.466126 241.670771 908.885768
14 21 30.674423 241.941194 908.439125
14 22 30.883240 242.208416 907.987124
14 23 31.092566 242.472495 907.529727
14 24 31.302391 242.733486 907.066896
14 25 31.512706 242.991446 906.598592
14 26 31.723498 243.246428 906.124776
14 27 31.934761 243.498486 905.645407
14 28 32.146483 243.747671 905.160445
14 29 32.358655 243.994035 904.669848
14 30 32.571269 244.237628 904.173574
14 31 32.784316 244.478499 903.671580
14 32 32.997787 244.716696 903.163823
14 33 33.211675 244.952267 902.650259
14 34 33.425969 245.185257 902.130843
14 35 33.640664 245.415712 901.605529
14 36 33.855750 245.643677 901.074270
14 37 34.071221 245.869194 900.537021
14 38 34.287068 246.092308 899.993733
14 39 34.503286 246.313058 899.444358
14 40 34.719865 246.531488 898.888846
14 41 34.936800 246.747636 898.327147
14 42 35.154084 246.961542 897.759210
14 43 35.371710 247.173246 897.184983
14 44 35.589672 247.382784 896.604415
14 45 35.807963 247.590194 896.017450
14 46 36.026577 247.795513 895.424036
14 47 36.245508 247.998776 894.824117
14 48 36.464751 248.200018 894.217636
14 49 36.684298 248.399273 893.604538
14 50 36.904146 248.596576 892.984763
14 51 37.124287 248.791959 892.358254
14 52 37.344718 248.985454 891.724950
14 53 37.565432 249.177093 891.084791
14 54 37.786424 249.366907 890.437714
14 55 38.007689 249.554927 889.783658
14 56 38.229223 249.741183 889.122559
14 57 38.451020 249.925704 888.454351
14 58 38.673076 250.108518 887.778968
14 59 38.895386 250.289655 887.096344
15 0 39.117945 250.469141 886.406412
15 1 39.340750 250.647003 885.709101
15 2 39.563795 250.823270 885.004341
15 3 39.787076 250.997965 884.292061
15 4 40.010590 251.171116 883.572188
15 5 40.234332 251.342747 882.844648
15 6 40.458297 251.512883 882.109367
15 7 40.682484 251.681548 881.366268
15 8 40.906886 251.848766 880.615272
15 9 41.131501 252.014560 879.856303
15 10 41.356325 252.178953 879.089277
15 11 41.581354 252.341967 878.314116
15 12 41.806585 252.503625 877.530736
15 13 42.032014 252.663948 876.739051
15 14 42.257638 252.822957 875.938977
15 15 42.483454 252.980673 875.130426
15 16 42.709457 253.137117 874.313309
15 17 42.935646 253.292309 873.487537
15 18 43.162017 253.446267 872.653016
15 19 43.388566 253.599013 871.809655
15 20 43.615291 253.750564 870.957357
15 21 43.842189 253.900939 870.096026
15 22 44.069257 254.050157 869.225565
15 23 44.296492 254.198235 868.345872
15 24 44.523891 254.345192 867.456846
15 25 44.751451 254.491045 866.558384
15 26 44.979171 254.635810 865.650380
15 27 45.207046 254.779504 864.732726
15 28 45.435075 254.922145 863.805314
15 29 45.663255 255.063747 862.868033
15 30 45.891583 255.204327 861.920769
15 31 46.120058 255.343901 860.963408
15 32 46.348676 255.482484 859.995831
15 33 46.577435 255.620091 859.017922
15 34 46.806333 255.756736 858.029556
15 35 47.035367 255.892435 857.030612
15 36 47.264536 256.027201 856.020963
15 37 47.493837 256.161049 855.000481
15 38 47.723269 256.293993 853.969035
15 39 47.952827 256.426045 852.926494
15 40 48.182512 256.557220 851.872720
15 41 48.412320 256.687531 850.807577
15 42 48.642250 256.816990 849.730924
15 43 48.872300 256.945611 848.642619
15 44 49.102467 257.073405 847.542514
15 45 49.332750 257.200386 846.430462
15 46 49.563147 257.326564 845.306313
15 47 49.793656 257.451953 844.169911
15 48 50.024276 257.576563 843.021099
15 49 50.255003 257.700407 841.859718
15 50 50.485837 257.823495 840.685605
15 51 50.716776 257.945839 839.498593
15 52 50.947819 258.067450 838.298513
15 53 51.178962 258.188339 837.085192
15 54 51.410206 258.308515 835.858453
15 55 51.641547 258.427990 834.618118
15 56 51.872986 258.546774 833.364003
15 57 52.104519 258.664878 832.095923
15 58 52.336145 258.782310 830.813686
15 59 52.567864 258.899081 829.517097
16 0 52.799672 259.015201 828.205960
16 1 53.031570 259.130679 826.880072
16 2 53.263555 259.245524 825.539228
16 3 53.495626 259.359746 824.183215
16 4 53.727781 259.473354 822.811821
16 5 53.960020 259.586357 821.424827
16 6 54.192340 259.698763 820.022007
16 7 54.424741 259.810581 818.603136
16 8 54.657220 259.921821 817.167979
16 9 54.889777 260.032490 815.716301
16 10 55.122411 260.142596 814.247857
16 11 55.355119 260.252149 812.762401
16 12 55.587901 260.361155 811.259679
16 13 55.820756 260.469623 809.739433
16 14 56.053682 260.577561 808.201400
16 15 56.286678 260.684977 806.645310
16 16 56.519743 260.791878 805.070888
16 17 56.752876 260.898271 803.477851
16 18 56.986074 261.004165 801.865916
16 19 57.219338 261.109566 800.234786
16 20 57.452666 261.214481 798.584163
16 21 57.686058 261.318919 796.913740
16 22 57.919510 261.422885 795.223204
16 23 58.153024 261.526387 793.512234
16 24 58.386597 261.629431 791.780503
16 25 58.620229 261.732025 790.027676
16 26 58.853918 261.834174 788.253412
16 27 59.087663 261.935886 786.457360
16 28 59.321464 262.037168 784.639162
16 29 59.555319 262.138024 782.798451
16 30 59.789227 262.238462 780.934855
16 31 60.023187 262.338488 779.047988
16 32 60.257199 262.438108 777.137460
16 33 60.491261 262.537328 775.202869
16 34 60.725371 262.636154 773.243804
16 35 60.959530 262.734592 771.259845
16 36 61.193736 262.832648 769.250561
16 37 61.427989 262.930328 767.215511
16 38 61.662286 263.027637 765.154246
16 39 61.896628 263.124581 763.066302
16 40 62.131013 263.221165 760.951206
16 41 62.365441 263.317396 758.808475
16 42 62.599910 263.413277 756.637611
16 43 62.834420 263.508816 754.438107
16 44 63.068969 263.604016 752.209440
16 45 63.303557 263.698884 749.951077
16 46 63.538182 263.793424 747.662470
16 47 63.772844 263.887642 745.343058
16 48 64.007543 263.981542 742.992266
16 49 64.242276 264.075131 740.609504
16 50 64.477044 264.168411 738.194168
16 51 64.711844 264.261389 735.745636
16 52 64.946677 264.354070 733.263275
16 53 65.181542 264.446457 730.746430
16 54 65.416437 264.538556 728.194434
16 55 65.651362 264.630372 725.606598
16 56 65.886315 264.721909 722.982218
16 57 66.121296 264.813171 720.320572
16 58 66.356305 264.904164 717.620916
16 59 66.591339 264.994891 714.882489
17 0 66.826399 265.085357 712.104509
17 1 67.061483 265.175567 709.286172
17 2 67.296590 265.265524 706.426653
17 3 67.531720 265.355234 703.525107
17 4 67.766872 265.444700 700.580664
17 5 68.002044 265.533927 697.592430
17 6 68.237237 265.622918 694.559486
17 7 68.472448 265.711678 691.480891
17 8 68.707677 265.800211 688.355674
17 9 68.942923 265.888522 685.182841
17 10 69.178185 265.976613 681.961369
17 11 69.413463 266.064489 678.690205
17 12 69.648755 266.152154 675.368268
17 13 69.884060 266.239612 671.994449
17 14 70.119378 266.326867 668.567601
17 15 70.354707 266.413923 665.086556
17 16 70.590046 266.500782 661.550104
17 17 70.825395 266.587450 657.957003
17 18 71.060752 266.673930 654.305977
17 19 71.296116 266.760225 650.595713
17 20 71.531487 266.846339 646.824862
17 21 71.766863 266.932277 642.992036
17 22 72.002242 267.018041 639.095807
17 23 72.237625 267.103635 635.134709
17 24 72.473010 267.189062 631.107231
17 25 72.708396 267.274327 627.011820
17 26 72.943781 267.359432 622.846886
17 27 73.179164 267.444382 618.610786
17 28 73.414545 267.529179 614.301833
17 29 73.649921 267.613827 609.918295
17 30 73.885292 267.698330 605.458390
17 31 74.120655 267.782690 600.920289
17 32 74.356011 267.866911 596.302111
17 33 74.591357 267.950997 591.601925
17 34 74.826691 268.034951 586.817749
17 35 75.062013 268.118776 581.947548
17 36 75.297320 268.202475 576.989230
17 37 75.532612 268.286051 571.940660
17 38 75.767885 268.369508 566.799639
17 39 76.003140 268.452850 561.563919
17 40 76.238372 268.536078 556.231196
17 41 76.473582 268.619197 550.799115
17 42 76.708766 268.702209 545.265265
17 43 76.943922 268.785118 539.627188
17 44 77.179049 268.867926 533.882371
17 45 77.414144 268.950637 528.028258
17 46 77.649204 269.033254 522.062245
17 47 77.884227 269.115780 515.981680
17 48 78.119211 269.198217 509.783890
17 49 78.354151 269.280570 503.466154
17 50 78.589046 269.362841 497.025727
17 51 78.823892 269.445032 490.459846
17 52 79.058685 269.527148 483.765737
17 53 79.293422 269.609190 476.940623
17 54 79.528099 269.691162 469.981740
17 55 79.762712 269.773067 462.886347
17 56 79.997256 269.854908 455.651745
17 57 80.231727 269.936688 448.275295
17 58 80.466120 270.018409 440.754439
17 59 80.700428 270.100074 433.086723
18 0 80.934647 270.181687 425.269847
18 1 81.168770 270.263250 417.301664
18 2 81.402790 270.344765 409.180247
18 3 81.636699 270.426237 400.903923
18 4 81.870491 270.507668 392.471329
18 5 82.104155 270.589060 383.881472
18 6 82.337682 270.670417 375.133794
18 7 82.571062 270.751741 366.228256
18 8 82.804285 270.833035 357.165421
18 9 83.037336 270.914302 347.946562
18 10 83.270203 270.995544 338.573770
18 11 83.502871 271.076765 329.050109
18 12 83.735323 271.157967 319.379731
18 13 83.967542 271.239154 309.568068
18 14 84.199506 271.320327 299.622016
18 15 84.431193 271.401489 289.550149
18 16 84.662579 271.482644 279.362961
18 17 84.893636 271.563794 269.073127
18 18 85.124332 271.644942 258.695802
18 19 85.354634 271.726091 248.248949
18 20 85.584501 271.807243 237.753694
18 21 85.813891 271.888401 227.234712
18 22 86.042753 271.969568 216.720681
18 23 86.271031 272.050746 206.244696
18 24 86.498663 272.131939 195.844794
18 25 86.725576 272.213149 185.564482
18 26 86.951689 272.294379 175.453317
18 27 87.176910 272.375631 165.567558
18 28 87.401134 272.456909 155.970920
18 29 87.624242 272.538215 146.735499
18 30 87.846100 272.619551 137.942997
18 31 88.066558 272.700921 129.686474
18 32 88.285448 272.782328 122.072987
18 33 88.502587 272.863773 115.227838
18 34 88.717775 272.945260 109.301468
18 35 88.930811 273.026792 104.481100
18 36 89.141496 273.108371 101.010544
18 37 89.349662 273.190000 99.224567
18 38 89.555212 273.271682 99.609842
18 39 89.758181 273.353419 102.916198
18 40 89.958837 273.435215 110.367486
18 41 90.157823 273.517072 0.000000
18 42 90.945834 273.598992 0.000000
18 43 91.181694 273.680979 0.000000
18 44 91.417532 273.763036 0.000000
18 45 91.653348 273.845165 0.000000
18 46 91.889141 273.927369 0.000000
18 47 92.124911 274.009650 0.000000
18 48 92.360657 274.092013 0.000000
18 49 92.596379 274.174458 0.000000
18 50 92.832077 274.256990 0.000000
18 51 93.067749 274.339611 0.000000
18 52 93.303395 274.422324 0.000000
18 53 93.539015 274.505131 0.000000
18 54 93.774608 274.588037 0.000000
18 55 94.010174 274.671042 0.000000
18 56 94.245712 274.754152 0.000000
18 57 94.481222 274.837367 0.000000
18 58 94.716703 274.920691 0.000000
18 59 94.952154 275.004128 0.000000
19 0 95.187576 275.087679 0.000000
19 1 95.422967 275.171348 0.000000
19 2 95.658326 275.255139 0.000000
19 3 95.893655 275.339053 0.000000
19 4 96.128951 275.423093 0.000000
19 5 96.364214 275.507264 0.000000
19 6 96.599444 275.591567 0.000000
19 7 96.834640 275.676006 0.000000
19 8 97.069802 275.760583 0.000000
19 9 97.304929 275.845303 0.000000
19 10 97.540020 275.930167 0.000000
19 11 97.775075 276.015179 0.000000
19 12 98.010094 276.100342 0.000000
19 13 98.245075 276.185659 0.000000
19 14 98.480018 276.271133 0.000000
19 15 98.714923 276.356768 0.000000
19 16 98.949789 276.442566 0.000000
19 17 99.184615 276.528531 0.000000
19 18 99.419401 276.614666 0.000000
19 19 99.654146 276.700973 0.000000
19 20 99.888850 276.787457 0.000000
19 21 100.123511 276.874120 0.000000
19 22 100.358130 276.960966 0.000000
19 23 100.592705 277.047998 0.000000
19 24 100.827237 277.135220 0.000000
19 25 101.061724 277.222634 0.000000
19 26 101.296165 277.310244 0.000000
19 27 101.530560 277.398053 0.000000
19 28 101.764909 277.486065 0.000000
19 29 101.999211 277.574284 0.000000
19 30 102.233465 277.662712 0.000000
19 31 102.467670 277.751353 0.000000
19 32 102.701826 277.840211 0.000000
19 33 102.935932 277.929288 0.000000
19 34 103.169988 278.018590 0.000000
19 35 103.403992 278.108119 0.000000
19 36 103.637944 278.197878 0.000000
19 37 103.871843 278.287872 0.000000
19 38 104.105689 278.378104 0.000000
19 39 104.339481 278.468577 0.000000
19 40 104.573218 278.559296 0.000000
19 41 104.806899 278.650265 0.000000
19 42 105.040524 278.741486 0.000000
19 43 105.274092 278.832964 0.000000
19 44 105.507602 278.924703 0.000000
19 45 105.741053 279.016706 0.000000
19 46 105.974444 279.108977 0.000000
19 47 106.207776 279.201521 0.000000
19 48 106.441047 279.294340 0.000000
19 49 106.674256 279.387440 0.000000
19 50 106.907402 279.480825 0.000000
19 51 107.140485 279.574497 0.000000
19 52 107.373504 279.668462 0.000000
19 53 107.606457 279.762724 0.000000
19 54 107.839345 279.857286 0.000000
19 55 108.072166 279.952153 0.000000
19 56 108.304920 280.047330 0.000000
19 57 108.537605 280.142820 0.000000
19 58 108.770220 280.238627 0.000000
19 59 109.002766 280.334757 0.000000
20 0 109.235241 280.431214 0.000000
20 1 109.467643 280.528001 0.000000
20 2 109.699973 280.625125 0.000000
20 3 109.932229 280.722588 0.000000
20 4 110.164410 280.820396 0.000000
20 5 110.396515 280.918553 0.000000
20 6 110.628544 281.017064 0.000000
20 7 110.860495 281.115934 0.000000
20 8 111.092368 281.215168 0.000000
20 9 111.324161 281.314770 0.000000
20 10 111.555874 281.414745 0.000000
20 11 111.787505 281.515098 0.000000
20 12 112.019053 281.615834 0.000000
20 13 112.250518 281.716959 0.000000
20 14 112.481898 281.818476 0.000000
20 15 112.713193 281.920392 0.000000
20 16 112.944401 282.022712 0.000000
20 17 113.175520 282.125440 0.000000
20 18 113.406551 282.228583 0.000000
20 19 113.637492 282.332144 0.000000
20 20 113.868342 282.436131 0.000000
20 21 114.099099 282.540548 0.000000
20 22 114.329763 282.645401 0.000000
20 23 114.560332 282.750695 0.000000
20 24 114.790805 282.856437 0.000000
20 25 115.021182 282.962631 0.000000
20 26 115.251460 283.069284 0.000000
20 27 115.481639 283.176402 0.000000
20 28 115.711717 283.283989 0.000000
20 29 115.941693 283.392054 0.000000
20 30 116.171566 283.500600 0.000000
20 31 116.401334 283.609636 0.000000
20 32 116.630996 283.719166 0.000000
20 33 116.860552 283.829197 0.000000
20 34 117.089999 283.939735 0.000000
20 35 117.319336 284.050788 0.000000
20 36 117.548562 284.162361 0.000000
20 37 117.777676 284.274460 0.000000
20 38 118.006675 284.387093 0.000000
20 39 118.235559 284.500266 0.000000
20 40 118.464326 284.613987 0.000000
20 41 118.692975 284.728261 0.000000
20 42 118.921504 284.843097 0.000000
20 43 119.149912 284.958500 0.000000
20 44 119.378196 285.074479 0.000000
20 45 119.606357 285.191040 0.000000
20 46 119.834391 285.308190 0.000000
20 47 120.062298 285.425938 0.000000
20 48 120.290076 285.544291 0.000000
20 49 120.517722 285.663256 0.000000
20 50 120.745237 285.782841 0.000000
20 51 120.972617 285.903053 0.000000
20 52 121.199861 286.023902 0.000000
20 53 121.426967 286.145394 0.000000
20 54 121.653935 286.267537 0.000000
20 55 121.880761 286.390341 0.000000
20 56 122.107444 286.513813 0.000000
20 57 122.333982 286.637962 0.000000
20 58 122.560374 286.762796 0.000000
20 59 122.786617 286.888325 0.000000
21 0 123.012709 287.014555 0.000000
21 1 123.238649 287.141498 0.000000
21 2 123.464435 287.269160 0.000000
21 3 123.690065 287.397553 0.000000
21 4 123.915535 287.526684 0.000000
21 5 124.140846 287.656563 0.000000
21 6 124.365994 287.787200 0.000000
21 7 124.590977 287.918605 0.000000
21 8 124.815793 288.050786 0.000000
21 9 125.040441 288.183754 0.000000
21 10 125.264917 288.317519 0.000000
21 11 125.489219 288.452091 0.000000
21 12 125.713346 288.587480 0.000000
21 13 125.937295 288.723697 0.000000
21 14 126.161063 288.860751 0.000000
21 15 126.384648 288.998655 0.000000
21 16 126.608048 289.137418 0.000000
21 17 126.831260 289.277052 0.000000
21 18 127.054282 289.417567 0.000000
21 19 127.277111 289.558976 0.000000
21 20 127.499745 289.701289 0.000000
21 21 127.722180 289.844518 0.000000
21 22 127.944415 289.988675 0.000000
21 23 128.166446 290.133772 0.000000
21 24 128.388271 290.279821 0.000000
21 25 128.609887 290.426834 0.000000
21 26 128.831292 290.574823 0.000000
21 27 129.052481 290.723801 0.000000
21 28 129.273453 290.873781 0.000000
21 29 129.494204 291.024776 0.000000
21 30 129.714731 291.176800 0.000000
21 31 129.935032 291.329864 0.000000
21 32 130.155103 291.483983 0.000000
21 33 130.374941 291.639171 0.000000
21 34 130.594542 291.795441 0.000000
21 35 130.813904 291.952808 0.000000
21 36 131.033022 292.111286 0.000000
21 37 131.251894 292.270889 0.000000
21 38 131.470517 292.431632 0.000000
21 39 131.688886 292.593530 0.000000
21 40 131.906998 292.756598 0.000000
21 41 132.124850 292.920852 0.000000
21 42 132.342437 293.086307 0.000000
21 43 132.559757 293.252978 0.000000
21 44 132.776804 293.420883 0.000000
21 45 132.993576 293.590036 0.000000
21 46 133.210068 293.760455 0.000000
21 47 133.426277 293.932157 0.000000
21 48 133.642197 294.105157 0.000000
21 49 133.857826 294.279474 0.000000
21 50 134.073159 294.455125 0.000000
21 51 134.288191 294.632128 0.000000
21 52 134.502918 294.810500 0.000000
21 53 134.717337 294.990259 0.000000
21 54 134.931441 295.171425 0.000000
21 55 135.145227 295.354016 0.000000
21 56 135.358689 295.538051 0.000000
21 57 135.571824 295.723550 0.000000
21 58 135.784626 295.910530 0.000000
21 59 135.997091 296.099014 0.000000
22 0 136.209213 296.289020 0.000000
22 1 136.420987 296.480570 0.000000
22 2 136.632407 296.673683 0.000000
22 3 136.843470 296.868381 0.000000
22 4 137.054169 297.064686 0.000000
22 5 137.264498 297.262617 0.000000
22 6 137.474453 297.462199 0.000000
22 7 137.684028 297.663452 0.000000
22 8 137.893216 297.866400 0.000000
22 9 138.102012 298.071065 0.000000
22 10 138.310410 298.277470 0.000000
22 11 138.518403 298.485638 0.000000
22 12 138.725986 298.695595 0.000000
22 13 138.933152 298.907363 0.000000
22 14 139.139895 299.120967 0.000000
22 15 139.346208 299.336431 0.000000
22 16 139.552085 299.553782 0.000000
22 17 139.757518 299.773045 0.000000
22 18 139.962502 299.994245 0.000000
22 19 140.167027 300.217408 0.000000
22 20 140.371089 300.442561 0.000000
22 21 140.574678 300.669731 0.000000
22 22 140.777788 300.898945 0.000000
22 23 140.980412 301.130231 0.000000
22 24 141.182541 301.363616 0.000000
22 25 141.384167 301.599130 0.000000
22 26 141.585284 301.836800 0.000000
22 27 141.785881 302.076655 0.000000
22 28 141.985952 302.318725 0.000000
22 29 142.185487 302.563040 0.000000
22 30 142.384478 302.809630 0.000000
22 31 142.582917 303.058525 0.000000
22 32 142.780794 303.309757 0.000000
22 33 142.978100 303.563355 0.000000
22 34 143.174826 303.819353 0.000000
22 35 143.370963 304.077782 0.000000
22 36 143.566500 304.338673 0.000000
22 37 143.761429 304.602061 0.000000
22 38 143.955739 304.867978 0.000000
22 39 144.149420 305.136457 0.000000
22 40 144.342461 305.407533 0.000000
22 41 144.534853 305.681238 0.000000
22 42 144.726584 305.957608 0.000000
22 43 144.917643 306.236678 0.000000
22 44 145.108020 306.518482 0.000000
22 45 145.297702 306.803056 0.000000
22 46 145.486679 307.090436 0.000000
22 47 145.674939 307.380658 0.000000
22 48 145.862470 307.673759 0.000000
22 49 146.049259 307.969775 0.000000
22 50 146.235295 308.268742 0.000000
22 51 146.420564 308.570700 0.000000
22 52 146.605054 308.875684 0.000000
22 53 146.788752 309.183733 0.000000
22 54 146.971644 309.494884 0.000000
22 55 147.153716 309.809177 0.000000
22 56 147.334956 310.126650 0.000000
22 57 147.515349 310.447341 0.000000
22 58 147.694881 310.771289 0.000000
22 59 147.873537 311.098534 0.000000
23 0 148.051302 311.429113 0.000000
23 1 148.228162 311.763068 0.000000
23 2 148.404101 312.100437 0.000000
23 3 148.579104 312.441260 0.000000
23 4 148.753154 312.785576 0.000000
23 5 148.926236 313.133425 0.000000
23 6 149.098334 313.484846 0.000000
23 7 149.269430 313.839878 0.000000
23 8 149.439508 314.198562 0.000000
23 9 149.608551 314.560937 0.000000
23 10 149.776541 314.927041 0.000000
23 11 149.943461 315.296914 0.000000
23 12 150.109292 315.670595 0.000000
23 13 150.274016 316.048122 0.000000
23 14 150.437615 316.429533 0.000000
23 15 150.600069 316.814867 0.000000
23 16 150.761361 317.204160 0.000000
23 17 150.921469 317.597450 0.000000
23 18 151.080375 317.994773 0.000000
23 19 151.238059 318.396165 0.000000
23 20 151.394499 318.801663 0.000000
23 21 151.549676 319.211299 0.000000
23 22 151.703569 319.625109 0.000000
23 23 151.856157 320.043126 0.000000
23 24 152.007418 320.465382 0.000000
23 25 152.157331 320.891909 0.000000
23 26 152.305873 321.322736 0.000000
23 27 152.453022 321.757894 0.000000
23 28 152.598756 322.197410 0.000000
23 29 152.743052 322.641312 0.000000
23 30 152.885887 323.089626 0.000000
23 31 153.027239 323.542375 0.000000
23 32 153.167082 323.999582 0.000000
23 33 153.305394 324.461270 0.000000
23 34 153.442150 324.927457 0.000000
23 35 153.577327 325.398163 0.000000
23 36 153.710899 325.873402 0.000000
23 37 153.842843 326.353190 0.000000
23 38 153.973133 326.837538 0.000000
23 39 154.101745 327.326457 0.000000
23 40 154.228653 327.819955 0.000000
23 41 154.353832 328.318037 0.000000
23 42 154.477256 328.820707 0.000000
23 43 154.598900 329.327966 0.000000
23 44 154.718737 329.839812 0.000000
23 45 154.836743 330.356241 0.000000
23 46 154.952892 330.877246 0.000000
23 47 155.067156 331.402816 0.000000
23 48 155.179511 331.932939 0.000000
23 49 155.289929 332.467598 0.000000
23 50 155.398386 333.006774 0.000000
23 51 155.504854 333.550445 0.000000
23 52 155.609308 334.098586 0.000000
23 53 155.711722 334.651166 0.000000
23 54 155.812070 335.208153 0.000000
23 55 155.910325 335.769510 0.000000
23 56 156.006463 336.335199 0.000000
23 57 156.100457 336.905174 0.000000
23 58 156.192282 337.479390 0.000000
23 59 156.281913 338.057793 0.000000
